lr: 0.006844259372316053
nb_epochs: 100
optimizer_name: Adam
batch_size: 32
n_neurons: 104, 50
dropouts: 0.30786161527864464, 0.31744412600341065
activations: ReLU, ReLU
