lr: 0.008797557703488088
nb_epochs: 200
optimizer_name: Adam
batch_size: 47
n_neurons: 23
dropouts: 0.3535981593563302
activations: ELU
weight_decay: 0.00035415878330049633
